1.3237412353141638      1.1756750704750618
1.2758620689666453      1.1994511084261992
1.172413793102423       1.1319691000516883
1.1626669483331025      1.1282051273649552
1.0689655172400898      1.0922348302854523
0.9655172413805393      1.1181011269680603
0.9541932740916775      1.1282051273649552
0.889076368363494       1.2307692308068616
0.8620689655182466      1.2482821684511065
0.7586206896514869      1.320008024635595
0.7483420257324654      1.3333333333269062
0.6905135366790026      1.4358974364566701
0.6551724137969231      1.5342150924091875
0.654234444776501       1.5384615378843132
0.6096938445733722      1.6410256415145599
0.5594102732432595      1.7435897435889995
0.5517241379356134      1.7782721753875537
0.5421969914937979      1.8461538463578508
0.505672740462578       1.948717948583871
0.46727778727719627     2.0512820514361256
0.4482758620625952      2.0853774864727
0.40827497162681736     2.1538461537538165
0.3448275862126979      2.226116702228639
0.3339096859336454      2.2564102564518467
0.3192144538991509      2.3589743589487076
0.2413793103448306      2.4549898464854607
0.23906694602238246     2.461538461580964
0.21942923752942295     2.5641025640931288
0.1715976359527306      2.6666666667028975
0.15618561462032346     2.7692307692104574
0.13793103448804955     2.793289201782589
0.07115157859720322     2.8717948717801876
0.03448275863109761     2.9580260730732713
0.026670777563807653    2.9743589743507344
-0.03784757790078448    3.0769230769178244
-0.06896551725017588    3.103048322762054
-0.11607071909431863    3.1794871794826802
-0.10773890509494756    3.282051282058097
-0.1724137931357029     3.376802574304131
-0.18180356476321688    3.38461538461855
-0.21723409123756848    3.4871794871854496
-0.26183788772921757    3.589743589742686
-0.27586206898877236    3.605604886637127
-0.3141996562339094     3.692307692307098
-0.3793103447818615     3.755912702798819
-0.42785171861046134    3.7948717948736115
-0.40036883646087323    3.8765573928831927
