1.4354214246971952      1.3889648316241454
1.3803245359674712      1.43589743645667
1.3892193284180527      1.5384615378843132
1.3793103448280422      1.5480648953993352
1.3667846412658557      1.5384615378843132
1.377676944664253       1.4358974364566703
1.2758620689666453      1.4011421136859004
1.172413793102423       1.3537594230211059
1.0891832553658019      1.4358974364566701
1.0689655172400898      1.4712200706251033
1.0447056374148131      1.5384615378843132
1.0253586184422634      1.6410256415145599
0.9859033807499361      1.7435897435889998
0.9655737379217502      1.8461538463578508
0.9655172413805393      1.846366835020501
0.9258389526389623      1.9487179485838708
0.8762669797068358      2.0512820514361256
0.8620689655182466      2.0992003717385916
0.8513403517829277      2.1538461537538165
0.8210777218019091      2.2564102564518467
0.8027315480044652      2.3589743589487076
0.7586206896514869      2.4265179724215704
0.737274415909008       2.461538461580964
0.7208297726169395      2.5641025640931288
0.6686106594385433      2.6666666667028975
0.6551724137969231      2.7035137950134427
0.6351936799443252      2.7692307692104574
0.6075944228661344      2.8717948717801876
0.5674637407094186      2.974358974350734
0.5517241379356134      3.0182343117957027
0.5329506229102909      3.076923076917825
0.4886276727306229      3.1794871794826802
0.4602709872437106      3.2820512820580974
0.4482758620625952      3.315272875806121
0.4299257199995694      3.38461538461855
0.3978093992190098      3.4871794871854496
0.3892755216491024      3.589743589742686
0.35030384177652074     3.6923076923070974
0.3448275862126979      3.705013221221746
0.3157843072399691      3.794871794873612
0.2812190821193856      3.897435897435913
0.2413793103448306      3.9598861172638107
0.22028807154253108     4.0
2.0                     1.986066181920763
1.9807313138535294      1.9487179485838708
1.9425289950978455      1.846153846357851
1.9420183126553225      1.7435897435889995
1.9328979435623945      1.6770612093189063
