-1.0                    74.94729899904316
-0.9696969696969697     71.77181721799444
-0.9393939393939394     68.59633543694572
-0.9090909090909091     65.42085365589699
-0.8787878787878788     62.24537187484828
-0.8484848484848485     59.069890093799565
-0.8181818181818181     55.89440831275083
-0.7878787878787878     52.718926531702124
-0.7575757575757576     49.54344475065341
-0.7272727272727273     46.36796296960469
-0.696969696969697      43.19248118855597
-0.6666666666666666     40.01699940750725
-0.6363636363636364     36.84151762645853
-0.6060606060606061     33.666035845409816
-0.5757575757575757     30.490554064361085
-0.5454545454545454     27.315072283312368
-0.5151515151515151     24.13959050226365
-0.48484848484848486    20.964108721214938
-0.4545454545454546     17.78862694016622
-0.4242424242424242     14.613145159117494
-0.3939393939393939     11.437663378068779
-0.36363636363636365    8.262181597020062
-0.33333333333333326    5.086699815971335
-0.303030303030303      4.644733414243877
-0.2727272727272727     4.600461335705219
-0.24242424242424243    4.5561892571665625
-0.21212121212121215    4.511917178627906
-0.18181818181818177    4.467645100089248
-0.1515151515151515     4.423373021550591
-0.12121212121212122    4.3791009430119345
-0.09090909090909083    4.334828864473278
-0.06060606060606055    4.29055678593462
-0.030303030303030276   4.246284707395963
0.0                     4.2020126288573065
0.030303030303030276    4.15774055031865
0.06060606060606055     4.113468471779992
0.09090909090909083     4.069196393241335
0.12121212121212133     4.0249243147026785
0.1515151515151516      3.9806522361640213
0.18181818181818188     3.936380157625364
0.21212121212121215     3.8921414777307635
0.24242424242424243     3.804361305238294
0.2727272727272727      3.787965890955067
0.303030303030303       3.485123853722242
0.3333333333333335      3.4069869516811813
0.36363636363636376     3.320453068147521
0.39393939393939403     3.2068181102678026
0.4242424242424243      3.131197148905909
0.4545454545454546      3.068589891557742
0.48484848484848486     2.9876746167459673
0.5151515151515151      2.83557834510502
0.5454545454545454      2.781307909217654
0.5757575757575757      2.6981437469394765
0.6060606060606062      2.648462584273194
0.6363636363636365      2.620754256956884
0.6666666666666667      2.46706627212931
0.696969696969697       2.4329360375192834
0.7272727272727273      2.313750405578959
0.7575757575757576      2.239909614956142
0.7878787878787878      2.068413286635058
0.8181818181818183      1.9586117215923384
0.8484848484848486      1.8619796653479088
0.8787878787878789      1.8091370598327414
0.9090909090909092      1.7682884420632687
0.9393939393939394      1.7184114322860506
0.9696969696969697      1.656814699577032
1.0                     1.5227003491284268
1.0303030303030303      1.459964771213539
1.0606060606060606      1.4279448722238157
1.0909090909090908      1.429398143648441
1.121212121212121       1.4535527239379826
1.1515151515151514      1.4826529617810846
1.1818181818181817      1.506192246491847
1.2121212121212124      1.5173738575771412
1.2424242424242427      1.5285554686624352
1.272727272727273       1.5418243627157773
1.3030303030303032      1.5629797317282335
1.3333333333333335      1.583174672659938
1.3636363636363638      1.6033696135916429
1.393939393939394       1.6096888321698288
1.4242424242424243      1.6011412053683494
1.4545454545454546      1.59259357856687
1.4848484848484849      1.5857674986703028
1.5151515151515151      1.6021823019845942
1.5454545454545454      1.6185971052988857
1.5757575757575757      1.6350119086131774
1.606060606060606       1.6520372369784821
1.6363636363636362      1.6811239396431579
1.666666666666667       1.7103046779532287
1.6969696969696972      1.7393730586222609
1.7272727272727275      1.7781732219214326
1.7575757575757578      1.834461816170492
1.787878787878788       1.8776735689507569
1.8181818181818183      1.881919756078932
1.8484848484848486      1.8862095053117367
1.878787878787879       1.8904992545445414
1.9090909090909092      1.9217131266934473
1.9393939393939394      1.968591191572104
1.9696969696969697      2.0083959432854352
2.0                     2.048200694998766
